
Staff: STAFF1
Project: A
–––––––––––––––––––––––––––––
Timestamp	Measurement       
–––––––––––––––––––––––––––––
1462585573	77.4362
1462585574	68.8609
1462585574	67.5328
1462585575	54.4113
1462585576	77.8095
1462585585	71.3037
1462585585	94.6692
1462585586	66.5857
1462585586	75.8516
1462585587	52.917
1462585588	58.3199
1462585589	53.8646
1462586416	65.6459
1462586417	73.1156
1462586417	59.0479
1462586417	60.8281
1462586418	87.4196
1462586418	96.023
1462586419	80.63
1462586420	91.7419

Staff: STAFF1
Project: B
–––––––––––––––––––––––––––––
Timestamp	Measurement       
–––––––––––––––––––––––––––––
1462585576	98.789
1462585576	62.4268
1462585577	63.5244
1462585577	70.0631
1462585577	99.3975
1462585589	52.0906
1462585590	92.8287
1462585590	88.9084
1462585591	99.4657
1462585591	96.722
1462585591	70.4233
1462586420	93.8229
1462586421	62.9923
1462586421	87.6102
1462586422	53.4591
1462586422	62.1125
1462586423	70.4138
1462586424	61.5021
1462586424	74.892
1462586425	77.5291

Staff: STAFF2
Project: A
–––––––––––––––––––––––––––––
Timestamp	Measurement       
–––––––––––––––––––––––––––––
1462585578	78.3909
1462585579	76.8716
1462585579	56.724
1462585579	68.0851
1462585580	95.6948
1462585581	91.3751
1462585592	83.6255
1462585593	64.3364
1462585593	68.0957
1462585594	98.7883
1462585594	92.1277
1462585594	53.6477
1462585595	65.5368
1462585596	61.3853
1462585596	64.3376
1462585597	56.0616
1462586425	67.8416
1462586426	73.8847
1462586427	65.8316
1462586427	73.8912
1462586428	75.4872
1462586428	69.4436
1462586429	87.1237
1462586430	82.4973
1462586430	82.6283
1462586431	82.6801

Staff: STAFF2
Project: B
–––––––––––––––––––––––––––––
Timestamp	Measurement       
–––––––––––––––––––––––––––––
1462585581	51.7787
1462585582	56.5606
1462585582	96.4614
1462585583	89.7968
1462585583	58.161
1462585584	83.3078
1462585584	76.5435
1462585598	58.7558
1462585598	53.5918
1462585599	92.5861
1462585600	99.532
1462585600	72.6711
1462586431	73.9672
1462586431	52.5374
1462586432	53.146
1462586433	70.7228
1462586433	54.1705
1462586434	77.2882
